185363
185362
185361
185360
185359
185358
185357
185356
185355
185354
185353
185352
185351
185350
185349
185348
185347
185346
185345
185344
185343
185342
185341
185340
185339
185338
185337
185336
185335
185334
185333
185332
185331
185330
185329
185328
185327
185326
185325
185324
185323
185322
185321
185320
185319
185318
185317
185316
185315
185314
185313
185312
185311
185310
185309
185308
185307
185306
185305
185304
185303
185302
185301
185300
185299
185298
185297
185296
185295
185294
185293
185292
185291
185290
185289
185288
185287
185286
185285
185284
185283
185282
185281
185280
185279
185278
185277
185276
185275
185274
185273
185272
185271
185270
185269
185268
185267
185266
185265
185264
185263
185262
185261
185260
185259
185258
185257
185256
185255
185254
185253
185252
185251
185250
185249
185248
185247
185246
185245
185244
185243
185242
185241
185240
185239
185238
185237
185236
185235
185234
185233
185232
185231
185230
185229
185228
185227
185226
185225
185224
185223
185222
185221
185220
185219
185218
185217
185216
185215
185214
185213
185212
185211
185210
185209
185208
185207
185206
185205
185204
185203
185202
185201
185200
185199
185198
185197
185196
185195
185194
185193
185192
185191
185190
185189
185188
185187
185186
185185
185184
185183
185182
185181
185180
185179
185178
185177
185176
185175
185174
185173
185172
185171
185170
185169
185168
185167
185166
185165
185164
185163
185162
185161
185160
185159
185158
185157
185156
185155
185154
185153
185152
185151
185150
185149
185148
185147
185146
185145
185144
185143
185142
185141
185140
185139
185138
185137
185136
185135
185134
185133
185132
185131
185130
185129
185128
185127
185126
185125
185124
185123
185122
185121
185120
185119
185118
185117
185116
185115
185114
185113
185112
185111
185110
185109
185108
185107
185106
185105
185104
185103
185102
185101
185100
185099
185098
185097
185096
185095
185094
185093
185092
185091
185090
185089
185088
185087
185086
185085
185084
185083
185082
185081
185080
185079
185078
185077
185076
185075
185074
185073
185072
185071
185070
185069
185068
185067
185066
185065
185064
185063
185062
185061
185060
185059
185058
185057
185056
185055
185054
185053
185052
185051
185050
185049
185048
185047
185046
185045
185044
185043
185042
185041
185040
185039
185038
185037
185036
185035
185034
185033
185032
185031
185030
185029
185028
185027
185026
185025
185024
185023
185022
185021
185020
185019
185018
185017
185016
185015
185014
185013
185012
185011
185010
185009
185008
185007
185006
185005
185004
185003
185002
185001
185000
184999
184998
184997
184996
184995
184994
184993
184992
184991
184990
184989
184988
184987
184986
184985
184984
184983
184982
184981
184980
184979
184978
184977
184976
184975
184974
184973
184972
184971
184970
184969
184968
184967
184966
184965
184964
184963
184962
184961
184960
184959
184958
184957
184956
184955
184954
184953
184952
184951
184950
184949
184948
184947
184946
184945
184944
184943
184942
184941
184940
184939
184938
184937
184936
184935
184934
184933
184932
184931
184930
184929
184928
184927
184926
184925
184924
184923
184922
184921
184920
184919
184918
184917
184916
184915
184914
184913
184912
184911
184910
184909
184908
184907
184906
184905
184904
184903
184902
184901
184900
184899
184898
184897
184896
184895
184894
184893
184892
184891
184890
184889
184888
184887
184886
184885
184884
184883
184882
184881
184880
184879
184878
184877
184876
184875
184874
184873
184872
184871
184870
184869
184868
184867
184866
184865
